================================================================================
----------       First: (3, 4)   MATRIX PAIR - 1   Second: (3,4)      ----------
================================================================================

Addition (3 x 4)
903710.476323, 1008456.397449, 1301741.130630, 344575.269830
980489.233941, 642184.151049, 1218029.777154, 1319312.798389
882116.994696, 1431965.282759, 1433481.668147, 776431.887252

Subtraction (3 x 4)
-711535.555473, 378723.889685, -557316.945936, -38856.812490
262209.847295, 6933.747073, -449269.261636, 670789.294261
-353473.282246, 243725.088597, 262291.865645, -676854.689106

Element-wise Multiply (3 x 4)
77602444578.418213, 218388130234.419861, 345981948236.610107, 29305566175.383572
223151283463.935425, 103088101752.513138, 320438417145.716553, 322656995674.460938
163296757767.435638, 497780663053.861816, 496518167532.492798, 36178551344.230629

Element-wise Divide (3 x 4)
0.118976, 2.202809, 0.400431, 0.797321
1.730105, 1.021830, 0.461081, 3.068666
0.427847, 1.410229, 1.447907, 0.068519

Transpose A (4 x 3)
96087.460425, 621349.540618, 264321.856225
693590.143567, 324558.949061, 837845.185678
372212.092347, 384380.257759, 847886.766896
152859.228670, 995051.046325, 49788.599073

Transpose B (4 x 3)
807623.015898, 359139.693323, 617795.138471
314866.253882, 317625.201988, 594120.097081
929529.038283, 833649.519395, 585594.901251
191716.041160, 324261.752064, 726643.288179

Matrix Multiply not possible [3,4] and [3,4] : Acols != Brows

================================================================================
----------       First: (4, 6)   MATRIX PAIR - 2   Second: (6,2)      ----------
================================================================================

Addition not possible (different sizes [4,6] and [6,2])
Subtraction not possible (different sizes) [4,6] and [6,2]
Element-wise operations not possible (different sizes [4,6] and [6,2])

Transpose A (6 x 4)
829878.482878, 793478.381145, 113235.400602, 714549.069657
128053.107625, 269370.848737, 831114.360170, 525986.836701
933444.808093, 998874.407761, 418088.724234, 81015.748839
195740.374456, 445817.468455, 401083.191627, 777302.827031
42462.518964, 395833.447548, 13430.104739, 103710.903016
395468.811322, 343773.710811, 624007.543713, 272526.828896

Transpose B (2 x 6)
930489.946963, 579206.498398, 711238.873273, 28484.704706, 93657.711183, 985084.235032
382161.961067, 496647.994188, 251224.622005, 70524.870217, 487315.809759, 215947.439224

Matrix Multiply A x B (4 x 2)
1909387651748.741455, 735147325007.183228
1993201207759.626709, 986535760087.795410
1511494756374.740967, 730663597908.809448
1327473719803.279297, 718867546533.768066

================================================================================
----------       First: (5, 5)   MATRIX PAIR - 3   Second: (5,5)      ----------
================================================================================

Addition (5 x 5)
666756.445607, 703491.633259, 1810778.385163, 640246.389907, 758158.021053
1226811.393072, 1531530.481205, 161723.395237, 788860.472710, 159644.458234
517051.474327, 1285033.994436, 702360.697226, 1399973.287127, 218357.035360
424110.384011, 570538.395056, 985374.857096, 174042.982495, 851095.906166
1006814.653312, 944201.551571, 150705.830588, 1237150.280379, 829021.727819

Subtraction (5 x 5)
421965.881981, -593833.511169, -104648.748767, 29806.034401, 333263.347677
-211635.838392, -125699.134603, -10540.900693, -542278.840720, 91646.518538
175001.987711, 20130.433380, -179821.343770, -361908.799789, -94730.375362
-199851.779955, 417389.774726, 791629.143748, -4.023503, -762438.315060
683115.021330, 523556.577083, 2869.201716, -5079.596359, 133590.604979

Element-wise Multiply (5 x 5)
66627238050.619286, 35565559769.528130, 816991749888.755737, 102256760025.558167, 115934781495.530060
365069116519.844116, 582446335605.019043, 6510836494.890806, 82058626077.904388, 4271817171.172848
59179132850.230835, 412726783127.018799, 115243708333.136078, 457236806326.115723, 9676487718.745718
34982220968.694038, 37824959046.813828, 86071726941.442688, 7572739934.891576, 35763014305.248215
136757403439.269119, 154351270145.554108, 5676003763.682964, 382628753485.666992, 167357643864.336212

Element-wise Divide (5 x 5)
4.447567, 0.084526, 0.890731, 1.097654, 2.568687
0.705744, 0.848302, 0.877619, 0.185241, 3.695568
2.023255, 1.031829, 0.592326, 0.589179, 0.394863
0.359411, 6.450781, 9.171836, 0.999954, 0.054946
5.220672, 3.489304, 1.038816, 0.991822, 1.384195

Transpose A (5 x 5)
544361.163794, 507587.777340, 346026.731019, 112129.302028, 844964.837321
54829.061045, 702915.673301, 652582.213908, 493964.084891, 733879.064327
853064.818198, 75591.247272, 261269.676728, 888502.000422, 76787.516152
335026.212154, 123290.815995, 519032.243669, 87019.479496, 616035.342010
545710.684365, 125645.488386, 61813.329999, 44328.795553, 481306.166399

Transpose B (5 x 5)
122395.281813, 719223.615732, 171024.743308, 311981.081983, 161849.815991
648662.572214, 828614.807904, 632451.780528, 76574.310165, 210322.487244
957713.566965, 86132.147965, 441091.020498, 96872.856674, 73918.314436
305220.177753, 665569.656715, 880941.043458, 87023.502999, 621114.938369
212447.336688, 33998.969848, 156543.705361, 806767.110613, 347715.561420

Matrix Multiply A x B (5 x 5)
444801799149.262268, 1078490877314.659424, 975136808092.981445, 1322246594258.215332, 711094364737.470215
639407976167.687866, 995374328621.106934, 601240994228.815186, 778126295722.295288, 286723281073.763611
728320875153.825073, 983179616783.699219, 557695784283.566284, 853677628744.888184, 576831304018.976074
555273598019.197876, 1059961508107.619019, 553550730949.731567, 1180815528325.790039, 265323503048.276520
914466115787.475098, 1353166517426.351074, 1001569596269.237549, 1166549232672.519775, 880836960541.124634

================================================================================
----------       First: (8, 4)   MATRIX PAIR - 4   Second: (4,8)      ----------
================================================================================

Addition not possible (different sizes [8,4] and [4,8])
Subtraction not possible (different sizes) [8,4] and [4,8]
Element-wise operations not possible (different sizes [8,4] and [4,8])

Transpose A (4 x 8)
283787.059742, 402888.308356, 842184.023963, 244202.729792, 179152.880305, 207577.601883, 301503.384297, 375266.486763
393203.844784, 567769.487747, 23326.058143, 789196.653194, 887232.704466, 959221.857715, 709552.533614, 976894.273788
845554.562370, 128644.615482, 658458.159698, 796158.253192, 544837.318512, 136934.370797, 110626.061431, 126615.849525
647635.789551, 667428.589607, 473045.266451, 320251.578878, 429445.291698, 591528.155214, 307943.298821, 814253.633346

Transpose B (8 x 4)
244742.183129, 188905.288339, 585265.361379, 281310.216104
354997.337619, 798634.811429, 953523.162582, 625582.758416
32350.989135, 998621.529523, 247434.644402, 790005.587966
806292.771451, 459887.077514, 475202.930279, 106166.059239
989992.705322, 595754.443027, 352302.468884, 345441.856266
604570.953930, 638633.742936, 300331.560384, 488856.730169
321357.946121, 33536.700944, 65422.228950, 417707.491837
983975.669835, 126700.720934, 68706.134707, 628663.624790

Matrix Multiply A x B (8 x 8)
820793310646.358765, 1626175573214.281982, 1122698002153.461426, 880211767294.059570, 1036811525780.600586, 993230492079.155518, 430224371853.269226, 794298621475.469971
468904141082.998901, 1136662193341.757568, 1139124119600.459717, 717946342574.833496, 1012987267834.181396, 971084318034.047119, 435718614437.442017, 896795847216.608398
728969591281.292725, 1241386157843.746582, 587173154525.028076, 1052896842197.561279, 1243038713298.195557, 953063935300.560303, 512097159485.183716, 1174270484402.566406
764904019174.248291, 1676470440820.415039, 1246006639900.097412, 972176821198.303345, 1103043151777.811279, 1047314080020.019897, 290801471117.999146, 596312804155.061890
651130974824.735352, 1560342292369.353516, 1365881261590.980469, 856977332466.833618, 1046228781504.622925, 1048496433763.752319, 302354047002.465271, 596105398619.996338
478550934250.814087, 1340377372800.629395, 1465807794849.279785, 736373884172.129150, 1029541896112.315186, 1068385067095.941895, 354920142205.792725, 707065876311.881104
359202020208.114075, 971834782862.180664, 988978016121.137451, 654676995415.199951, 866555564879.986938, 819189030796.989258, 256554185947.392059, 587766251615.983154
579545770180.755371, 1543514557102.175537, 1662281963976.266113, 898450030444.771362, 1279384551385.900391, 1286832968785.184814, 501760012548.580505, 1013617227695.715942

================================================================================
----------       First: (6, 6)   MATRIX PAIR - 5   Second: (6,6)      ----------
================================================================================

Addition (6 x 6)
1138824.095727, 636566.662466, 768780.370057, 1055929.264773, 883079.494151, 1222803.127415
793424.818530, 935446.750644, 1124074.496699, 635421.150070, 1146344.447176, 1054413.004224
497822.231446, 1043984.085794, 729415.851703, 1545316.744038, 1060718.252822, 541552.754485
201594.607326, 776317.264763, 1182917.781406, 926358.302695, 998821.454604, 1142422.039590
827666.680154, 1456164.563679, 1147040.074455, 1202359.547497, 509383.655430, 1325215.530323
1569312.713605, 1320597.897605, 921177.915164, 1005700.217068, 1137828.625912, 461597.025871

Subtraction (6 x 6)
499568.655247, -59665.700858, 220154.192347, 217150.482573, 776404.713315, 498916.406643
239166.608954, -479188.721324, -567854.498853, 544908.597910, -127063.760306, 89503.450080
-234098.790540, 285942.544902, 657139.442591, -399489.197770, -890605.126026, -251002.609057
79038.285574, 101668.218103, -30024.877186, 651296.614701, 934483.803898, 509996.958664
-169503.950846, 177573.507195, -538737.481799, -529182.679707, -189485.434566, -209525.589503
-182431.568031, -198503.481831, 634909.486332, 776625.572494, 823572.963366, 428482.961287

Element-wise Multiply (6 x 6)
261837869925.780823, 100414279976.056503, 135638847244.254486, 266958070030.590393, 44256278533.059677, 311582476899.585327
143080568955.201965, 161359698161.571930, 235271185565.379578, 26708664470.009853, 324490098097.037109, 275943978975.114502
48256182597.395996, 252034908101.525421, 25053809426.700672, 557103055067.321899, 82986430341.492233, 57569269034.217377
8598333779.111738, 148083017249.216675, 349598246079.114624, 108488106162.744583, 31096079607.393677, 261257804673.611450
164075136021.185120, 522220721514.229919, 256365714527.651031, 291408543238.827332, 55891744626.640778, 428073807288.172546
607365279017.009766, 426143793714.929016, 111364673887.882370, 102071411689.747269, 154095388989.333801, 7368541544.918976

Element-wise Divide (6 x 6)
2.562970, 0.828604, 1.802565, 1.517778, 15.556481, 2.378438
1.863015, 0.322527, 0.328749, 13.040509, 0.800435, 1.185517
0.360317, 1.754424, 19.184065, 0.589173, 0.087178, 0.366599
2.289828, 1.301396, 0.950493, 5.735640, 30.049360, 2.612830
0.660030, 1.277764, 0.360844, 0.388773, 0.457737, 0.726956
0.791714, 0.738657, 5.435763, 7.780546, 6.241420, 26.879213

Transpose A (6 x 6)
819196.375487, 516295.713742, 131861.720453, 140316.446450, 329081.364654, 693440.572787
288450.480804, 228129.014660, 664963.315348, 438992.741433, 816869.035437, 561047.207887
494467.281202, 278109.998923, 693277.647147, 576446.452110, 304151.296328, 778043.700748
636539.873673, 590164.873990, 572913.773134, 788827.458698, 336588.433895, 891162.894781
829742.103733, 509640.343435, 85056.563398, 966652.629251, 159949.110432, 980700.794639
860859.767029, 571958.227152, 145275.072714, 826209.499127, 557844.970410, 445039.993579

Transpose B (6 x 6)
319627.720240, 277129.104788, 365960.510993, 61278.160876, 498585.315500, 875872.140818
348116.181662, 707317.735984, 379020.770446, 337324.523330, 639295.528242, 759550.689718
274313.088855, 845964.497776, 36138.204556, 606471.329296, 842888.778127, 143134.214416
419389.391100, 45256.276080, 972402.970904, 137530.843997, 865771.113602, 114537.322287
53337.390418, 636704.103741, 975661.689424, 32168.825353, 349434.544998, 157127.831273
361943.360386, 482454.777072, 396277.681771, 316212.540463, 767370.559913, 16557.032292

Matrix Multiply A x B (6 x 6)
1729437700792.714111, 2075652580948.440674, 1695246291808.031738, 1741949100752.632324, 1155466507438.245850, 1483868185525.440918
1121246575268.938477, 1405819199996.110596, 1214021108861.136963, 1085196528561.405396, 731071225359.167725, 994310984775.659302
684897036205.330078, 1136988101048.831543, 1063703396139.663818, 928612661972.302246, 1177800893993.548828, 892109407527.474243
1631413914323.075928, 2089454500597.879395, 1842135390283.434570, 1679272501473.997803, 1342387293598.313721, 1495911096465.671143
1031843741068.359375, 1447129979624.709717, 1211102257487.798828, 719403987900.790161, 988777345482.927856, 872149533359.760132
1595228580432.948975, 2198730413491.558105, 2123749837101.654541, 2095383026337.896484, 1594601370231.957520, 1871713813158.690674

================================================================================
----------       First: (7, 3)   MATRIX PAIR - 6   Second: (7,3)      ----------
================================================================================

Addition (7 x 3)
480069.711334, 869842.231819, 603684.563727
1326529.179508, 869917.035375, 851143.783633
1757940.411067, 1115409.224422, 823350.533124
619412.101372, 1831245.993418, 515827.413143
657984.767523, 1264151.731999, 966871.298606
804204.548847, 1506811.669936, 1516177.983535
1058665.666637, 961911.517413, 1028129.335652

Subtraction (7 x 3)
323570.863970, 121984.553279, -218776.488027
-611725.749994, -697187.755483, -651913.399703
-139180.141639, -186324.209522, -63312.870398
50662.811290, 119437.370334, -125867.859899
468307.203139, 245104.449003, -931670.947924
-792623.964001, -245199.213992, 438279.572181
-102754.275263, -191796.014977, -194737.606228

Element-wise Multiply (7 x 3)
31442205932.504459, 185436319254.295441, 79142975192.207565
346367817720.111450, 67671220510.051399, 74863664926.193924
767745844258.940186, 302355256717.922302, 168474395209.385254
95276157719.567657, 834799150744.294189, 62558800498.561234
53408079445.105927, 384500852648.751831, 16707338215.612022
4623052019.387066, 552589688528.255615, 526676673591.274597
277553638157.784790, 222122013992.680664, 254781798887.202850

Element-wise Divide (7 x 3)
5.135121, 1.326224, 0.467996
0.368787, 0.110222, 0.132550
0.853272, 0.713729, 0.857188
1.178155, 1.139545, 0.607702
5.937929, 1.481046, 0.018541
0.007252, 0.720094, 1.813211
0.823054, 0.667514, 0.681506

Transpose A (3 x 7)
401820.287652, 357401.714757, 809380.134714, 335037.456331, 563145.985331, 5790.292423, 477955.695687
495913.392549, 86364.639946, 464542.507450, 975341.681876, 754628.090501, 630806.227972, 385057.751218
192454.037850, 99615.191965, 380018.831363, 194979.776622, 17600.175341, 977228.777858, 416695.864712

Transpose B (3 x 7)
78249.423682, 969127.464751, 948560.276353, 284374.645041, 94838.782192, 798414.256424, 580709.970950
373928.839270, 783552.395429, 650866.716972, 855904.311542, 509523.641498, 876005.441964, 576853.766195
411230.525877, 751528.591668, 443331.701761, 320847.636521, 949271.123265, 538949.205677, 611433.470940

Matrix Multiply not possible [7,3] and [7,3] : Acols != Brows

================================================================================
----------       First: (10, 8)   MATRIX PAIR - 7   Second: (8,10)      ----------
================================================================================

Addition not possible (different sizes [10,8] and [8,10])
Subtraction not possible (different sizes) [10,8] and [8,10]
Element-wise operations not possible (different sizes [10,8] and [8,10])

Transpose A (8 x 10)
902370.502347, 34106.945570, 886870.411207, 397776.343528, 980257.385517, 986676.704324, 403748.600664, 741728.576810, 372310.252323, 735357.543518
796023.072013, 346154.344041, 140619.798149, 650794.888001, 19784.558340, 698937.103025, 502078.855418, 638221.579674, 751461.150709, 724695.264966
87091.487514, 742575.671280, 918655.607106, 920591.812755, 719695.779857, 888911.079735, 341755.926516, 806895.685021, 301415.645079, 580991.448466
718388.896657, 53396.180673, 40673.631696, 981011.732143, 978255.703891, 500630.782264, 487881.797611, 395588.277397, 765796.534408, 992296.329517
762903.811644, 435353.039121, 729633.099516, 354879.437167, 464793.911422, 393330.803325, 243658.359991, 191343.077644, 293324.936267, 525886.924495
282190.365337, 371695.046847, 458429.719958, 146703.968493, 687006.571347, 404155.262286, 563043.923698, 679625.915448, 481634.366962, 12283.226964
740008.127357, 358611.828356, 669633.583203, 289814.869560, 712387.639140, 201588.624388, 997701.905368, 481952.661029, 768280.961186, 713210.250300
73145.604909, 791687.475926, 277742.978444, 262879.408021, 574500.929552, 120091.997322, 365233.973252, 33941.336130, 35613.674851, 502174.358445

Transpose B (10 x 8)
876885.901538, 449797.956871, 904754.833718, 605900.990920, 240876.113419, 203059.462623, 285037.053743, 522363.403181
46526.250874, 423312.073297, 128284.382256, 61802.545446, 434935.009653, 197845.340800, 768878.848357, 768167.006163
301000.078698, 481295.223438, 189734.330160, 412715.520912, 334007.834791, 768901.406711, 834552.918032, 323628.221778
267669.374494, 468221.608189, 743071.950689, 387795.037147, 357580.259267, 952985.222435, 237708.353643, 382281.641609
180091.895299, 29813.312750, 405608.611999, 8719.022375, 63887.256185, 821460.889798, 526274.010024, 660401.933039
986871.294012, 579630.307797, 327797.495756, 343314.734727, 939514.034207, 736162.328049, 352809.124810, 30129.166970
219390.572638, 501263.314784, 75765.851931, 321745.334635, 588583.051518, 429410.131718, 684423.105551, 362871.707565
177203.352918, 61676.106154, 877488.976886, 519816.115716, 742276.112345, 662348.725266, 901552.034057, 397496.780837
478950.512135, 3941.027904, 644957.301824, 206644.592434, 180806.890233, 500963.270880, 408701.615635, 386426.818980
486954.850635, 455620.597244, 706553.231333, 608035.187899, 809789.558861, 185695.753388, 737806.413427, 234217.006459

Matrix Multiply A x B (10 x 10)
2153599564019.634521, 1447329096244.867188, 2080790530524.478271, 1703145967639.768066, 946131128434.004761, 2814886698566.796387, 1937954368297.650391, 2108275307273.296387, 1249962649752.797852, 2533746480910.565430
1585917710873.067627, 1393444721796.118408, 1326499283952.348633, 1641486409647.653320, 1362829521488.295898, 1329069446108.361816, 1203013313393.836914, 1914095826708.886719, 1225078278497.296875, 1603038903164.713867
2301529781673.420898, 1357412968448.047852, 1770635401507.413086, 1964762202647.547363, 1495908868615.914062, 2539431541473.800293, 1533149637540.732422, 2552423290124.258789, 1768806658608.516602, 2404835011332.551758
2404034718965.181641, 1080864948508.062378, 1570776261339.515137, 1911776191666.816650, 942304026568.404297, 1959919784242.226562, 1364493038819.863037, 2154745291442.636719, 1347232571648.959961, 2327169512729.505371
2866963341745.214844, 1533895804827.079590, 2308807097099.888672, 2395666781890.437500, 1825926554402.649414, 2761694529634.063965, 1858876169780.820068, 2985623463247.679199, 2077256594455.696533, 2753794126870.367676
2584166093062.749023, 985030059231.838501, 1657892551137.220459, 2065657202543.620605, 1105971516485.498535, 2583909060789.400391, 1381849929443.517578, 2047326360798.893066, 1554466405493.327148, 2301807336698.505859
1832878638315.610840, 1570358982723.718506, 2094519861484.405273, 1786786965939.573730, 1474904515082.366455, 1975406478137.934326, 1723692727721.250244, 2254460469935.649414, 1391608440439.757080, 2087004595982.151367
2246410723381.740723, 1046955672664.620972, 1846469375426.451660, 2093989164814.055908, 1329904363631.035889, 2353377304107.627930, 1417694577472.840088, 2124650771816.970215, 1545080415190.541992, 2107310247061.829590
1807230650772.487305, 1262358502962.109619, 1967983966233.778076, 1732570905294.362305, 1060616546812.449097, 2066978001207.684570, 1645806941579.999268, 2018423695440.908203, 1156003695883.650635, 2104429775460.225342
2692455941974.608398, 1642127115928.464111, 2032729601476.720947, 1913937306130.356934, 1149013087889.012451, 2446753857260.164062, 1873044804193.039062, 2441727344077.010254, 1521604510384.913574, 2774092038102.047852

================================================================================
----------       First: (6, 4)   MATRIX PAIR - 8   Second: (6,4)      ----------
================================================================================

Addition (6 x 4)
715964.102189, 1570238.866606, 1043070.026100, 376187.013083
1037408.737197, 896931.648363, 155974.555338, 880232.956039
1003109.598964, 1608879.356092, 998747.116393, 890931.429513
479408.244236, 486749.881781, 1489047.194813, 518360.597227
1443110.454529, 991979.872823, 536532.366228, 812796.166991
749309.229489, 631951.009569, 1349130.184676, 1101143.669451

Subtraction (6 x 4)
169585.135973, -7211.490530, 501079.896978, 297239.382659
-886353.742707, 544634.291265, 90879.325316, 308819.212595
376822.243092, 258986.679370, -459191.348363, -773084.491979
121831.265934, 31107.104825, -502716.186075, -194156.885447
72474.448793, 21765.464843, 30660.731292, -21739.412417
554173.231867, 42865.642139, 1084.379348, -2220.391457

Element-wise Multiply (6 x 4)
120961369320.079987, 616399523151.107788, 209228504048.192902, 13291354552.201445
72648482700.491867, 126964967653.359848, 4017252535.748867, 169860187707.340088
216058466161.207611, 630354670591.977295, 196659777022.975677, 49024795088.912292
53747351820.590797, 58989448860.805984, 491134496159.667542, 57750203147.763161
519328809560.761963, 245887583156.525848, 71731724891.714111, 165041251755.756287
63589087619.870781, 99381153804.822372, 455037769831.331909, 303128112658.447693

Element-wise Divide (6 x 4)
1.620760, 0.990857, 2.849037, 8.530039
0.078521, 4.091901, 3.792196, 2.080895
2.203353, 1.383714, 0.370081, 0.070821
1.681427, 1.136542, 0.495205, 0.455012
1.105753, 1.044867, 1.121219, 0.947901
6.679867, 1.145533, 1.001609, 0.995975

Transpose A (4 x 6)
442774.619081, 75527.497245, 689965.921028, 300619.755085, 757792.451661, 651741.230678
781513.688038, 720782.969814, 933933.017731, 258928.493303, 506872.668833, 337408.325854
772074.961539, 123426.940327, 269777.884015, 493165.504369, 283596.548760, 675107.282012
336713.197871, 594526.084317, 58923.468767, 162101.855890, 395528.377287, 549461.638997

Transpose B (4 x 6)
273189.483108, 961881.239952, 313143.677936, 178788.489151, 685318.002868, 97567.998811
788725.178568, 176148.678549, 674946.338361, 227821.388478, 485107.203990, 294542.683715
270995.064561, 32547.615011, 728969.232378, 995881.690444, 252935.817468, 674022.902664
39473.815212, 285706.871722, 832007.960746, 356258.741337, 417267.789704, 551682.030454

Matrix Multiply not possible [6,4] and [6,4] : Acols != Brows

================================================================================
----------       First: (12, 12)   MATRIX PAIR - 9   Second: (12,12)      ----------
================================================================================

Addition (12 x 12)
1199026.627194, 1008639.633035, 1211547.757401, 803787.487681, 1135153.792788, 1268906.189072, 1047064.562617, 699705.383729, 729407.371581, 1420826.648020, 255957.356296, 672984.113068
533817.540032, 738563.062838, 1125342.773530, 1233861.682338, 987888.253569, 942029.156164, 1382809.800712, 1298872.203319, 918223.225845, 901550.749086, 841512.199881, 443974.402855
965541.639843, 757709.742463, 1551829.230657, 1270294.228855, 1066381.053532, 900282.546147, 624840.147364, 922653.477278, 766252.300849, 917935.188674, 918915.989563, 447672.258032
681190.692091, 812929.796327, 1238138.651012, 658389.414292, 986605.060184, 708602.552888, 585356.794961, 185385.888861, 1675285.197669, 958990.381818, 182607.771963, 1625609.270752
909281.791345, 487270.593328, 584780.371271, 317724.972767, 740631.404660, 381259.827718, 1009956.966248, 1574666.184051, 1648302.171689, 1058363.859533, 635014.196969, 818671.809099
755489.571715, 657325.330765, 1378294.442179, 1474787.353301, 441005.982989, 577352.578094, 1384994.876753, 1573884.775657, 1132220.516497, 502903.476940, 222862.315975, 831556.824012
568108.221876, 1393328.317184, 1376869.926649, 1893996.576868, 517773.164921, 973127.233713, 1396026.021093, 1508291.427206, 1292650.252498, 669394.660772, 1150016.538222, 152973.204819
1516523.910846, 1009109.882456, 1027483.888540, 746834.493971, 1335966.245183, 1377691.675697, 1789791.960787, 900783.099221, 1268868.509514, 642647.215815, 1060735.524160, 1226918.729754
222107.812609, 1036754.876127, 1325441.404985, 941069.760366, 563218.093702, 227212.903516, 1122369.925411, 1140190.774874, 1202729.172066, 1009387.028981, 777841.407658, 1216689.128265
1238211.863740, 1232847.527526, 861287.080094, 1657928.341970, 1261313.626857, 411666.294943, 1340343.701952, 1625259.808112, 690185.887561, 899657.320508, 266586.430017, 1180809.178096
464422.810777, 944722.098656, 1277124.788438, 1216325.197330, 1065663.758350, 475099.256450, 1098212.161884, 954965.442861, 1027469.646692, 1335959.181504, 199237.990181, 1565569.264401
1518658.146554, 503890.932042, 949877.160523, 812946.454191, 1392677.290624, 819117.852233, 136319.421168, 1306993.715009, 831521.958675, 1879906.955043, 1398928.155524, 1537269.740503

Subtraction (12 x 12)
555625.398282, 57340.479447, 338621.942275, -719442.071059, 217346.447512, 362363.542282, 459869.581505, 160804.302685, -403455.505503, -214326.250016, -78426.109674, -237071.674120
260680.012660, -133696.209398, 789701.683388, -154725.366318, -980920.398193, -814137.022120, -24983.238632, 276770.033371, -425395.671907, -759999.063474, -607347.049719, 101764.816971
255980.021679, 269142.954521, 29245.692273, -701254.148283, -45148.948372, -67229.252547, -407887.464768, 97044.617566, 300316.087063, -456376.877642, -652599.253779, 398762.289000
-644753.860313, 253072.144923, -449148.096298, 271519.464118, 157833.250044, -137395.245378, 202191.694713, 104753.081111, 154208.311289, 332623.978864, 48432.268309, -268687.630158
-742162.551135, 295926.830838, -394993.139643, -143459.913247, 337457.875198, 194316.301590, 217554.076346, -40525.973817, 289827.479767, -222692.062275, -171541.393319, 475169.469083
169896.441153, -640792.016301, 163645.200617, 143976.149091, -161713.561107, -444518.558580, -195368.753311, 375620.973931, 110493.217509, -89317.916650, 169677.639051, -647643.522794
514866.520380, -452579.297052, -173194.702789, 4756.419694, 90417.517169, 39258.217689, -117508.481903, 192154.377460, -367770.001382, 218571.787310, 109240.939646, -45536.813801
-40697.896114, 343959.312332, -636535.211644, 331287.863399, 434905.774487, -617229.679399, 182091.174259, -348180.093051, -271068.639700, -53066.012977, -151861.639686, 174893.503642
-43103.415093, -715578.329135, 601228.001819, 715590.268334, -392208.280876, 171354.604516, 80834.774249, -456659.821840, -618118.817004, 388821.189727, 55298.699142, 64565.969175
-634683.921046, -684814.496402, 425063.843566, -118648.715414, -723167.320313, -209446.699473, -411421.208014, 300393.136716, 185239.821987, 158904.616954, 240665.061171, 519032.805564
-409708.938721, 166454.692238, -172960.538882, 556080.743948, 611530.968978, 217870.244990, 209258.688156, 336012.450133, 350638.403986, -658202.370014, -11192.928237, -285653.919427
-369627.979862, 364191.259298, -125725.086587, 736159.531039, -411751.470852, -201100.169743, 40254.578968, 489544.444379, -278908.387521, -26259.460275, 573332.039274, 210390.615677

Element-wise Multiply (12 x 12)
282236317376.047058, 253516494686.441895, 338295787168.324707, 32119357935.717632, 310333663758.723755, 369703894972.516846, 221216041573.686401, 115932400064.334503, 92314692199.005432, 493203155569.457092, 14840878390.859804, 99176159442.965790
54251774261.349541, 131900180345.313416, 160691902297.587982, 374618678039.930115, 3429593487.123791, 56149960069.159134, 477884695683.154419, 402616837295.642273, 165543103700.997467, 58798794174.042664, 84818085936.546661, 46689298104.328178
216686221692.982056, 125421530963.763184, 601829662651.242310, 280472511844.550842, 283782530948.230225, 201497222624.724213, 56013256460.749702, 210467945333.663422, 124238209101.888748, 158581289039.927734, 104630202460.409988, 10349771870.737518
12078304650.725014, 149202335805.082428, 332813326680.424377, 89938450364.209229, 237119552490.305573, 120810031126.727493, 75440273999.024796, 5848679946.633825, 695700072564.563843, 202255960276.028687, 7749978441.934011, 642603114638.731812
68997030941.090164, 37464985478.099724, 46487125564.703529, 20092102902.738533, 108664265008.873947, 26900057791.985798, 243170824384.525635, 619482809159.980469, 658225020291.645630, 267635576141.323822, 93454145182.590012, 111109376666.202332
135474923063.414825, 5365545577.553902, 468228954414.135681, 538567151487.373718, 42083750296.546684, 33934812627.436871, 470010464715.440796, 584005542747.002930, 317428636715.310547, 61233554220.911186, 5219277671.954824, 68011154735.975487
14414854488.725372, 434133944836.678711, 466443597459.063171, 896800102414.849121, 64978430725.325668, 236358851334.449707, 483770102062.401367, 559504931151.518066, 383922475341.656738, 100078896415.543274, 327651113822.342957, 5331799995.362195
574547113354.885132, 224998686582.614960, 162636516386.651825, 112002528237.361298, 398915693896.556641, 379265469038.453857, 792549516788.688110, 172545203661.296722, 384137271751.867859, 102544860565.374008, 275524473651.717346, 368685457951.248657
11868494007.318800, 140702082011.368195, 348829951969.335876, 93385715435.248627, 40846821371.401894, 5565825758.834089, 313294997184.801697, 272874202556.208008, 266121647351.035339, 216920064173.592590, 150494827335.145355, 369040917615.684631
282586234968.039734, 262735532911.161591, 140284040807.436859, 683662217359.500244, 266985273031.618591, 31400304617.990971, 406813457239.673218, 637808351819.544434, 110510691934.647476, 196033154263.584198, 3287163250.191917, 281228815456.028442
11956783175.530254, 216198169780.237457, 400283094308.113647, 292555297967.525574, 190417279960.368896, 44562964956.835068, 290570188485.289734, 199763657603.581055, 233186646130.883514, 337889143688.197754, 9892623772.211403, 592352239988.270264
542424430649.491943, 30317699511.273102, 221614955671.482147, 29737770560.539814, 442502690517.755005, 157628194394.034882, 4240638364.921904, 367144702012.670837, 153409719782.286011, 883340150091.277344, 407072589264.924255, 579733510975.303467

Element-wise Divide (12 x 12)
2.727151, 1.120552, 1.775832, 0.055373, 1.473621, 1.799441, 2.566327, 1.596786, 0.287724, 0.737852, 0.530921, 0.478995
2.908782, 0.693448, 5.705632, 0.777147, 0.003539, 0.072825, 0.964507, 1.541570, 0.366791, 0.085193, 0.161620, 1.594751
1.721516, 2.101765, 1.038416, 0.288626, 0.918763, 0.861026, 0.210077, 1.235086, 2.289087, 0.335847, 0.169465, 17.305972
0.027480, 1.904059, 0.467609, 2.403673, 1.380885, 0.675188, 2.055376, 3.598274, 1.202762, 2.062075, 1.721924, 0.716319
0.101196, 4.093143, 0.193705, 0.377864, 2.674008, 3.078877, 1.549100, 0.949819, 1.426695, 0.652330, 0.574632, 3.766616
1.580254, 0.012736, 1.269453, 1.216374, 0.463387, 0.129991, 0.752755, 1.626942, 1.216287, 0.698363, 7.380696, 0.124333
20.340724, 0.509640, 0.776532, 1.005035, 1.423149, 1.084076, 0.844723, 1.291998, 0.557016, 1.969657, 1.209922, 0.541214
0.947730, 2.034230, 0.234942, 2.594468, 1.965320, 0.381199, 1.226524, 0.442449, 0.647948, 0.847449, 0.749527, 1.332489
0.674950, 0.183285, 2.660361, 7.347276, 0.178988, 7.135332, 1.155222, 0.428049, 0.321065, 2.253118, 1.153067, 1.112082
0.322243, 0.285782, 2.948836, 0.866430, 0.271177, 0.325576, 0.530278, 1.453469, 1.733701, 1.429036, 19.568854, 2.568605
0.062592, 1.427757, 0.761448, 2.684469, 3.693181, 2.693979, 1.470798, 2.085745, 2.036118, 0.339871, 0.893619, 0.691389
0.608504, 6.213917, 0.766224, 20.174086, 0.543621, 0.605770, 1.838071, 2.197737, 0.497657, 0.972448, 2.388892, 1.317121

Transpose A (12 x 12)
877326.012738, 397248.776346, 610760.830761, 18218.415889, 83559.620105, 462693.006434, 541487.371128, 737913.007366, 89502.198758, 301763.971347, 27356.936028, 574515.083346
532990.056241, 302433.426720, 513426.348492, 533000.970625, 391598.712083, 8266.657232, 470374.510066, 676534.597394, 160588.273496, 274016.515562, 555588.395447, 434041.095670
775084.849838, 957522.228459, 790537.461465, 394495.277357, 94893.615814, 770969.821398, 601837.611930, 195474.338448, 963334.703402, 643175.461830, 552082.124778, 412076.036968
42172.708311, 539568.158010, 284520.040286, 464954.439205, 87132.529760, 809381.751196, 949376.498281, 539061.178685, 828330.014350, 769639.813278, 886202.970639, 774552.992615
676250.120150, 3483.927688, 510616.052580, 572219.155114, 539044.639929, 139646.210941, 304095.341045, 885436.009835, 85504.906413, 269073.153272, 838597.363664, 490462.909886
815634.865677, 63946.067022, 416526.646800, 285603.653755, 287788.064654, 66417.009757, 506192.725701, 380230.998149, 199283.754016, 101109.797735, 346484.750720, 309008.841245
753467.072061, 678913.281040, 108476.341298, 393774.244837, 613755.521297, 594813.061721, 639258.769595, 985941.567523, 601602.349830, 464461.246969, 653735.425020, 88287.000068
430254.843207, 787821.118345, 509849.047422, 145069.484986, 767070.105117, 974752.874794, 850222.902333, 276301.503085, 341765.476517, 962826.472414, 645488.946497, 898269.079694
162975.933039, 246413.776969, 533284.193956, 914746.754479, 969064.825728, 621356.867003, 462440.125558, 498899.934907, 292305.177531, 437712.854774, 689054.025339, 276306.785577
603250.199002, 70775.842806, 230779.155516, 645807.180341, 417835.898629, 206792.780145, 443983.224041, 294790.601419, 699104.109354, 529280.968731, 338878.405745, 926823.747384
88765.623311, 117082.575081, 133158.367892, 115520.020136, 231736.401825, 196269.977513, 629628.738934, 454436.942237, 416570.053400, 253625.745594, 94022.530972, 986130.097399
217956.219474, 272869.609913, 423217.273516, 678460.820297, 646920.639091, 91956.650609, 53718.195509, 700906.116698, 640627.548720, 849920.991830, 639957.672487, 873830.178090

Transpose B (12 x 12)
321700.614456, 136568.763686, 354780.809082, 662972.276202, 825722.171240, 292796.565281, 26620.850748, 778610.903480, 132605.613851, 936447.892393, 437065.874749, 944143.063208
475649.576794, 436129.636118, 244283.393971, 279928.825702, 95671.881245, 649058.673533, 922953.807118, 332575.285062, 876166.602631, 958831.011964, 389133.703209, 69849.836372
436462.907563, 167820.545071, 761291.769192, 843643.373655, 489886.755457, 607324.620781, 775032.314719, 832009.550092, 362106.701583, 218111.618264, 725042.663660, 537801.123555
761614.779370, 694293.524328, 985774.188569, 193434.975087, 230592.443007, 665405.602105, 944620.078587, 207773.315286, 112739.746016, 888288.528692, 330122.226691, 38393.461576
458903.672638, 984404.325881, 555765.000952, 414385.905070, 201586.764731, 301359.772048, 213677.823876, 450530.235348, 477713.187289, 992240.473585, 227066.394686, 902214.380738
453271.323395, 878083.089142, 483755.899347, 422998.899133, 93471.763064, 510935.568337, 466934.508012, 997460.677548, 27929.149500, 310556.497208, 128614.505730, 510109.010988
293597.490556, 703896.519672, 516363.806066, 191582.550124, 396201.444951, 790181.815032, 756767.251498, 803850.393264, 520767.575581, 875882.454983, 444476.736864, 48032.421100
269450.540522, 511051.084974, 412804.429856, 40316.403875, 807596.078934, 599131.900863, 658068.524873, 624481.596136, 798425.298357, 662433.335698, 309476.496364, 408724.635315
566431.438542, 671809.448876, 232968.106893, 760538.443190, 679237.345961, 510863.649494, 830210.126940, 769968.574607, 910423.994535, 252473.032787, 338415.621353, 555215.173098
817576.449018, 830774.906280, 687156.033158, 313183.201477, 640527.960904, 296110.696795, 225411.436731, 347856.614396, 310282.919627, 370376.351777, 997080.775759, 953083.207659
167191.732985, 724429.624800, 785757.621671, 67087.751827, 403277.795144, 26592.338462, 520387.799288, 606298.581923, 361271.354258, 12960.684423, 105215.459209, 412798.058125
455027.893594, 171104.792942, 24454.984516, 947148.450455, 171751.170008, 739600.173403, 99255.009310, 526012.613056, 576061.579545, 330888.186266, 925611.591914, 663439.562413

Matrix Multiply A x B (12 x 12)
2641341706923.362305, 3054473625737.465332, 3238756485213.431152, 3902159790066.628906, 3005715226936.479004, 2833889400637.087402, 3532718789194.526855, 3276060935080.500000, 3352221931243.286133, 3270305437566.055176, 2258026303387.019043, 2090054563563.644043
1927361168858.050049, 1984634615544.583008, 2966797526326.639160, 2548934886167.937012, 2216455680836.910645, 2456007303509.952637, 2381756449405.284180, 2049887787541.961182, 2700232543982.401367, 2330716390108.184570, 2123044214294.711426, 1751430582004.647949
2423748645451.535645, 2145974865599.247803, 2773577541033.150879, 2584594054115.663574, 2720106678963.759766, 2369779556306.921387, 2586169651148.509277, 2609319364129.732422, 2957500732118.097168, 2997497950674.977539, 2081246062797.799805, 2116892797581.677734
2623535779578.944336, 2632480290975.924805, 2590373506703.198730, 2327832172029.904297, 3012016900017.409668, 1978825189389.798096, 2666264840134.656250, 2913069778739.740234, 3198748383387.962891, 2749546179876.183594, 1892630667527.041992, 2272106273408.567383
2546601217259.015625, 2703104049792.313965, 2758654272692.513184, 2082610563455.199951, 2698617944752.397461, 2230257727070.764648, 2892632688107.248535, 3142638881363.554688, 3437466510773.034668, 2624880046405.432129, 2034507823346.158447, 2299899569767.583496
2318293056736.664062, 2393711807697.998535, 3315708630459.666992, 2437560702297.805664, 2228313395903.480957, 2383043162286.638672, 2632691796446.703613, 2363921317386.174316, 3171331022531.403320, 2303408899566.412109, 1987817993223.467529, 2311330882665.029297
2962682417759.623047, 3185532325024.587402, 3983310206729.963379, 3359794683142.842285, 3025796760750.968262, 3043987354896.500000, 3582551342734.401855, 3053637622105.417969, 3911487935645.296875, 3315807106797.069824, 2213364759097.095703, 3209813392145.445312
3042933660339.707031, 3123636565046.240723, 3649292076373.386719, 3269651763376.823242, 3231255441238.521484, 2785588071577.063477, 3270232045473.175293, 3431974567179.363770, 4226524466491.684082, 3851703122861.644043, 2372221016676.023926, 2913952654380.210449
2833075631613.666992, 2519530213495.916992, 3316629032490.740234, 2897212308610.064941, 2943500077417.620605, 2335242126028.639160, 2697271406051.075195, 2422274467912.671875, 2874761182895.016602, 2871793947570.197266, 1926819184727.788330, 2488184913900.270508
3353737130824.643066, 2524921132584.106445, 3585834271397.921387, 2606951903183.459473, 3261021484563.082031, 2910921702123.360840, 2918087382531.494629, 2828646189799.127441, 3541413333934.035645, 3194049082762.747559, 2285155857552.201172, 2828354512124.874023
3235978650609.361328, 2771361045218.315430, 3673844485084.192383, 2732116619828.338867, 3201650942677.898438, 2809733203313.004883, 3201790647009.304688, 3338379289787.019531, 4077733283785.839844, 3195480883159.516602, 2506664641564.537598, 2785761033850.203613
4261603832956.971191, 2983295860695.584961, 4021622634011.296875, 3097228421248.624512, 3920382903127.746094, 3177582440936.477539, 3498714476679.378906, 3275148241919.342285, 3862471982837.929199, 4339154850498.632812, 2159119650069.281494, 3831776956268.891602

================================================================================
----------       First: (5, 7)   MATRIX PAIR - 10   Second: (7,2)      ----------
================================================================================

Addition not possible (different sizes [5,7] and [7,2])
Subtraction not possible (different sizes) [5,7] and [7,2]
Element-wise operations not possible (different sizes [5,7] and [7,2])

Transpose A (7 x 5)
845165.102429, 122407.591126, 707991.432516, 986088.875111, 354076.656677
312069.455567, 722955.817138, 108638.412596, 221558.562981, 540049.082083
756432.879921, 372632.473419, 564060.312453, 106145.286670, 494235.414668
167600.209982, 954533.052369, 51551.398001, 16295.071886, 190684.479884
838745.651451, 550070.229130, 700170.434076, 698601.595290, 547095.753041
823387.589887, 932091.988390, 696455.768624, 779658.059396, 219599.054775
667719.589243, 175609.683140, 862093.390059, 941229.067937, 946827.382033

Transpose B (2 x 7)
24227.253607, 650534.876125, 271381.820314, 925358.728609, 665753.502628, 972054.239797, 274609.138591
453606.746464, 172597.411393, 936378.040492, 813644.371220, 964898.741398, 20449.682904, 62833.787194

Matrix Multiply A x B (5 x 2)
2125997697253.630859, 2150007067008.862793
2778163918144.664551, 1866737801057.548584
1668477439614.103271, 1654023056767.332275
1693342970493.508789, 1347352056941.817871
1508177679922.945068, 1463638661493.731689

================================================================================
----------       First: (4, 4)   MATRIX PAIR - 11   Second: (4,4)      ----------
================================================================================

Addition (4 x 4)
562133.037368, 1001299.253650, 297217.664190, 994816.462260
1146320.479459, 1029770.745214, 755608.411554, 962592.145990
634504.596056, 1347454.524877, 1335297.838518, 1239011.160995
993821.428386, 1738386.295466, 1136994.785231, 379454.837346

Subtraction (4 x 4)
-227890.702720, 289984.054780, 36714.962460, -368545.034630
-191439.434613, 214287.407872, 447669.214376, 828591.370172
-188441.381592, -548564.522699, -6448.204630, -608801.598257
-605409.769544, -261518.174948, 600555.841005, 377066.847782

Element-wise Multiply (4 x 4)
66014844828.589470, 229627360833.349243, 21747587859.530098, 213458587758.268555
319350396125.541626, 253627173631.523987, 92634086527.783508, 60004995199.530281
91771482029.971497, 378677665261.880066, 445744684551.973083, 291127317757.475037
155290010614.967529, 738398789108.967651, 233022455869.316254, 451641472.256339

Element-wise Divide (4 x 4)
0.423079, 1.815346, 1.281878, 0.459358
0.713791, 1.525547, 3.907517, 13.366964
0.542032, 0.421351, 0.990388, 0.341057
0.242874, 0.738469, 3.239046, 316.802760

Transpose A (4 x 4)
167121.167324, 477440.522423, 223031.607232, 194205.829421
645641.654215, 622029.076543, 399445.001089, 738434.060259
166966.313325, 601638.812965, 664424.816944, 868775.313118
313135.713815, 895591.758081, 315104.781369, 378260.842564

Transpose B (4 x 4)
395011.870044, 668879.957036, 411472.988824, 799615.598965
355657.599435, 407741.668671, 948009.523788, 999952.235207
130251.350865, 153969.598589, 670873.021574, 268219.472113
681680.748445, 67000.387909, 923906.379626, 1193.994782

Matrix Multiply A x B (4 x 4)
816961936096.846802, 794099330774.677612, 317179235114.508911, 311816648176.993958
1568344716219.606445, 1889340828606.870605, 801799237160.562744, 924065471497.268799
880636451186.181519, 1187164042070.936279, 620814477274.664673, 793041883587.211548
1230578195249.982666, 1572011160902.583008, 823286810364.371948, 984980439358.212402

================================================================================
----------       First: (6, 6)   MATRIX PAIR - 12   Second: (3,3)      ----------
================================================================================

Addition not possible (different sizes [6,6] and [3,3])
Subtraction not possible (different sizes) [6,6] and [3,3]
Element-wise operations not possible (different sizes [6,6] and [3,3])

Transpose A (6 x 6)
30263.440823, 136156.929756, 34787.120798, 572138.180114, 286345.532708, 93450.356988
597247.121993, 69889.907119, 366409.783405, 901505.817516, 783834.892599, 487342.722544
735750.934880, 930591.784733, 335757.058694, 68377.433858, 981613.243598, 266505.779255
821937.051101, 30874.369034, 704039.530769, 909135.939883, 171852.747683, 125866.309476
518402.142135, 376289.149501, 206406.590402, 659477.089185, 680826.811934, 135208.768190
376081.485991, 932283.734726, 269417.247799, 377398.108014, 844832.195363, 183245.789869

Transpose B (3 x 3)
820684.783782, 747746.381978, 329221.239859
728599.563380, 630930.747955, 215878.903676
951205.822098, 132340.472788, 974670.146777

Matrix Multiply not possible [6,6] and [3,3] : Acols != Brows

================================================================================
----------       First: (4, 5)   MATRIX PAIR - 13   Second: (5,4)      ----------
================================================================================

Addition not possible (different sizes [4,5] and [5,4])
Subtraction not possible (different sizes) [4,5] and [5,4]
Element-wise operations not possible (different sizes [4,5] and [5,4])

Transpose A (5 x 4)
300971.768890, 679238.785064, 655028.037245, 920174.964885
823901.173575, 904281.804723, 825248.571413, 426992.545814
885454.485161, 414139.675368, 947999.526765, 653724.400811
804733.707772, 700155.629284, 452300.854596, 627397.273217
162703.900881, 704055.045771, 343497.403718, 90614.152771

Transpose B (4 x 5)
876362.659628, 263255.854326, 259094.261512, 86449.623126, 265131.520792
383282.064015, 890045.718734, 994839.137849, 541091.109905, 611171.786576
737575.230535, 902818.326350, 863231.228314, 737398.535640, 740856.836803
571154.293972, 205637.452988, 796120.154729, 8252.291542, 827350.445716

Matrix Multiply A x B (4 x 4)
822780261555.390625, 2264425858513.493652, 2444124118303.448730, 1187508460829.357910
1187813575894.975830, 2286341116640.520508, 2712787919531.367676, 1491887442566.507324
1167088095305.729004, 2383348381207.478027, 2634533173390.495605, 1586470868968.256348
1166454433798.662598, 1777939966977.283936, 2158284220050.475098, 1213957837983.938232

================================================================================
----------       First: (7, 3)   MATRIX PAIR - 14   Second: (7,3)      ----------
================================================================================

Addition (7 x 3)
399531.809262, 1215625.105295, 879149.318987
781373.575529, 927902.817759, 738579.142365
1312344.436027, 1007927.369406, 211222.240854
672050.205418, 785781.394467, 1136234.633851
509672.643247, 230004.254183, 582389.761139
770610.865568, 668250.096180, 968193.876464
1533070.103940, 722312.221082, 1582332.150490

Subtraction (7 x 3)
64090.396010, 692293.976169, 49801.103633
-637723.347875, 316314.566727, -364032.410589
-552651.712119, -770536.046178, 39846.015278
-521211.676652, 94784.037457, -330888.118997
-189499.807445, -117102.610701, 134318.782675
321693.352380, 642719.207630, 748478.858086
235261.944976, -478999.873066, -25331.633128

Element-wise Multiply (7 x 3)
38879521937.862129, 249618361795.898987, 192605843788.060272
50963399027.518898, 190237183520.350555, 103244888394.345154
354206000965.740662, 105547945884.518555, 10756782524.462645
44997466680.996750, 152117096533.463287, 295385548967.285767
55964006563.172913, 9797233877.322027, 80284074625.061890
122588623291.494827, 8367552797.011049, 94294695355.166199
573738940210.177979, 73073516581.791977, 625783335709.344116

Element-wise Divide (7 x 3)
1.382126, 3.645721, 1.120097
0.101227, 2.034404, 0.339691
0.407343, 0.133481, 1.465012
0.126409, 1.274340, 0.548929
0.457931, 0.325265, 1.599542
2.433196, 51.348362, 7.813179
1.362553, 0.202539, 0.968486

Transpose A (3 x 7)
231811.102636, 71825.113827, 379846.361954, 75419.264383, 160086.417901, 546152.108974, 884166.024458
953959.540732, 622108.692243, 118695.661614, 440282.715962, 56450.821741, 655484.651905, 121656.174008
464475.211310, 187273.365888, 125534.128066, 402673.257427, 358354.271907, 858336.367275, 778500.258681

Transpose B (3 x 7)
167720.706626, 709548.461702, 932498.074073, 596630.941035, 349586.225346, 224458.756594, 648904.079482
261665.564563, 305794.125516, 889231.707792, 345498.678505, 173553.432442, 12765.444275, 600656.047074
414674.107677, 551305.776477, 85688.112788, 733561.376424, 224035.489232, 109857.509189, 803831.891809

Matrix Multiply not possible [7,3] and [7,3] : Acols != Brows

================================================================================
----------       First: (6, 8)   MATRIX PAIR - 15   Second: (8,6)      ----------
================================================================================

Addition not possible (different sizes [6,8] and [8,6])
Subtraction not possible (different sizes) [6,8] and [8,6]
Element-wise operations not possible (different sizes [6,8] and [8,6])

Transpose A (8 x 6)
85289.812437, 639301.578256, 797310.416065, 903217.550520, 139845.563149, 482805.524055
292990.067091, 399059.933289, 740041.272869, 452372.511184, 252867.816298, 693921.100579
559695.071640, 944814.531545, 202486.550804, 221612.557516, 791531.644390, 179798.004456
956656.699857, 484843.952798, 884812.252275, 376234.299386, 688993.110443, 244279.189273
559032.218034, 685817.237517, 891021.528089, 877396.626588, 797420.900022, 251145.779518
686947.038896, 672393.747911, 266076.015062, 812959.611849, 154143.997224, 317323.776051
647745.510053, 647860.890377, 494779.079544, 848102.099113, 349930.927961, 893398.016801
311922.454408, 905286.632787, 763730.072926, 587717.847409, 710957.105776, 827782.049768

Transpose B (6 x 8)
626610.082840, 144929.678689, 355389.386852, 913617.454335, 889166.082618, 388012.180995, 959625.138485, 350807.705279
332906.198878, 121773.238814, 720698.422799, 109793.502995, 922886.078223, 391906.956469, 997769.904134, 566461.373415
282290.535890, 639215.433010, 379848.011798, 227034.173480, 475246.366050, 873552.486832, 705188.603720, 504188.924627
24145.147047, 592420.585357, 120867.888126, 595760.910868, 108068.505732, 414490.257473, 729520.785377, 365984.905616
300929.637034, 890231.958892, 748096.283750, 600078.727012, 982247.123480, 896774.155120, 273682.232742, 601908.686912
99139.603031, 188441.002618, 991646.515315, 939571.158515, 773796.083794, 968518.920214, 960138.934962, 711048.027343

Matrix Multiply A x B (6 x 6)
2663468341249.372559, 2180613274254.249756, 2120966025723.899902, 1745069865046.788574, 2809439902332.131836, 3459149326788.540527
3047154911783.671387, 3051254313445.875488, 2731119111667.150391, 1811661292109.767578, 3544232727282.657715, 3978694289861.794434
3125429872013.590820, 2451512842778.745117, 2365778639790.597656, 1856320118890.535400, 3290100607355.421875, 3215912357086.047852
3169645997752.052734, 2864269357812.983887, 2735265603087.579102, 1806321390696.650146, 3242803562131.613281, 3446534677180.772949
2389115881121.753906, 2271669601629.225586, 1777049050569.386230, 1324875337587.330566, 2717984550061.363281, 3101632053749.556641
2184331921489.916260, 2118082927028.166992, 2147539879547.510742, 1703391073342.213867, 2318145546954.356445, 2534490796870.120117

================================================================================
----------       First: (6, 4)   MATRIX PAIR - 16   Second: (6,4)      ----------
================================================================================

Addition (6 x 4)
1631367.645251, 360536.989529, 700634.660090, 1261398.073226
598388.248455, 1510622.748084, 682461.373153, 1879331.400686
1112628.701174, 855914.330101, 1271709.068502, 1183071.631342
1294685.280033, 1154918.896263, 935937.375337, 1543174.109956
1796857.030001, 880492.473241, 1010668.180502, 489991.180892
1791196.933345, 758872.818212, 695437.757350, 1051114.458365

Subtraction (6 x 4)
259158.235971, 353352.867587, 571901.073544, 367800.916878
30808.731431, 195273.358840, -49399.412987, -66907.230484
127457.081948, 179719.696821, 380421.243618, 6277.337180
-52479.476987, -408806.286851, 415912.664203, 175245.145474
59653.008891, -28227.922609, 579149.100780, -178084.657510
114089.692039, 443420.524734, 437943.228556, 321973.565509

Element-wise Multiply (6 x 4)
648549350675.048096, 1282167946.669575, 40954522249.662537, 363961896170.492004
89279829489.163834, 560962350589.050171, 115828305960.604523, 881852484028.340942
305424329734.360779, 175072542761.702850, 368130908078.589661, 349904769981.037415
418363969707.324585, 291678769194.111023, 175748856577.068756, 587668868156.572388
806284176198.566284, 193617544954.808350, 171509122536.235168, 52094303027.870667
798842499048.744507, 94816548116.411804, 72959850727.486160, 250293656924.342224

Element-wise Divide (6 x 4)
1.377724, 99.370509, 9.885033, 1.823192
1.108562, 1.296915, 0.865003, 0.931245
1.258751, 1.531562, 1.853644, 1.010669
0.922089, 0.477138, 2.599588, 1.256220
1.068677, 0.937873, 3.684234, 0.466873
1.136055, 3.811332, 4.401573, 1.883159

Transpose A (4 x 6)
945262.940611, 314598.489943, 620042.891561, 621102.901523, 928255.019446, 952643.312692
356944.928558, 852948.053462, 517817.013461, 373056.304706, 426132.275316, 601146.671473
636267.866817, 316530.980083, 826065.156060, 675925.019770, 794908.640641, 566690.492953
814599.495052, 906212.085101, 594674.484261, 859209.627715, 155953.261691, 686544.011937

Transpose B (4 x 6)
686104.704640, 283789.758512, 492585.809613, 673582.378510, 868602.010555, 838553.620653
3592.060971, 657674.694622, 338097.316640, 781862.591557, 454360.197925, 157726.146739
64366.793273, 365930.393070, 445643.912442, 260012.355567, 215759.539861, 128747.264397
446798.578174, 973119.315585, 588397.147081, 683964.482241, 334037.919201, 364570.446428

Matrix Multiply not possible [6,4] and [6,4] : Acols != Brows

================================================================================
----------       First: (5, 5)   MATRIX PAIR - 17   Second: (5,5)      ----------
================================================================================

Addition (5 x 5)
1531333.731131, 1204879.264360, 1587003.447882, 909323.461754, 228170.318630
455064.490003, 1294604.701946, 780976.178444, 1415783.728000, 692350.972112
1201006.527253, 692214.293156, 1023242.699284, 1163085.581434, 618184.186958
1204094.994233, 1085854.174246, 594066.119052, 1853791.391201, 845692.852369
1052499.902549, 667525.372691, 769562.483557, 1442462.677354, 914839.149637

Subtraction (5 x 5)
-448031.132399, 261630.372962, 179804.010468, 244792.090314, -139440.138526
-37355.170713, 321314.650914, -28229.439604, -58031.616744, 128857.009704
399819.830383, 357281.934192, 535824.008322, 172297.798502, 33604.995032
-51491.267215, 534159.743098, 345317.737232, -116207.208129, 295923.257399
258497.853495, 38747.713785, 697505.400221, -43873.661008, -253621.152099

Element-wise Multiply (5 x 5)
536062775125.214844, 345820897407.114868, 621562615352.244873, 191736497653.995178, 8154535517.891415
51422070320.673279, 393189557352.176453, 152281722509.159668, 500268973981.913818, 115686434908.643661
320640195434.205017, 87877561787.371033, 189979563435.937927, 330770384592.757568, 95255598328.455688
361798351134.390503, 223438164145.235260, 58417553539.619110, 855759601717.450684, 156906456569.595093
260233726151.032959, 111022184465.673538, 26428158190.240128, 519693419357.256226, 193151745229.131287

Element-wise Divide (5 x 5)
0.547298, 1.554743, 1.255549, 1.736736, 0.241370
0.848279, 1.660265, 0.930229, 0.921250, 1.457350
1.998069, 3.133457, 3.198619, 1.347800, 1.114972
0.917981, 2.936433, 3.776442, 0.882023, 2.076536
1.651126, 1.123248, 20.359801, 0.940964, 0.565888

Transpose A (5 x 5)
541651.299366, 208854.659645, 800413.178818, 576301.863509, 655498.878022
733254.818661, 807959.676430, 524748.113674, 810006.958672, 353136.543238
883403.729175, 376373.369420, 779533.353803, 469691.928142, 733533.941889
577057.776034, 678876.055628, 667691.689968, 868792.091536, 699294.508173
44365.090052, 410603.990908, 325894.590995, 570808.054884, 330608.998769

Transpose B (5 x 5)
989682.431765, 246209.830358, 400593.348435, 627793.130724, 397001.024527
471624.445699, 486645.025516, 167466.179482, 275847.215574, 314388.829453
703599.718707, 404602.809024, 243709.345481, 124374.190910, 36028.541668
332265.685720, 736907.672372, 495393.891466, 984999.299665, 743168.169181
183805.228578, 281746.981204, 292289.595963, 274884.797485, 584230.150868

Matrix Multiply A x B (5 x 5)
1450368871555.995361, 933358720702.062988, 966445909362.632690, 1759318281220.810547, 748904224729.932739
1145604000032.184570, 871075708409.577881, 664806665098.775757, 1825080244886.800781, 802538736927.249634
1782181624610.649170, 1050044466026.302490, 1060249732292.343872, 1938687139962.768311, 896751554275.735352
1729976057509.865723, 1163750972323.522705, 976305927491.741211, 2301034167272.433105, 1043731389175.967896
1599794629809.085938, 900681782941.979004, 881743489167.807373, 1775919731436.372314, 819760790108.100342

================================================================================
----------       First: (3, 3)   MATRIX PAIR - 18   Second: (3,3)      ----------
================================================================================

Addition (3 x 3)
1170938.464573, 1028647.081257, 1160650.891482
993773.741614, 640431.079670, 899206.695602
905395.759321, 1281035.875328, 1799626.177845

Subtraction (3 x 3)
-87492.225823, 682047.350543, 190046.053172
-107424.477630, -155690.151056, 481541.072400
-729116.426303, 159184.441330, 71943.468143

Element-wise Multiply (3 x 3)
340860499559.277954, 148231557348.954803, 327748247392.926697
244011557781.852722, 96478136167.860443, 144172719251.831451
72032679472.898026, 403928306878.957764, 808369629344.140259

Element-wise Divide (3 x 3)
0.860950, 4.935648, 1.391603
0.804895, 0.608878, 3.305869
0.107848, 1.283789, 1.083283

Transpose A (3 x 3)
541723.119375, 443174.631992, 88139.666509
855347.215900, 242370.464307, 720110.158329
675348.472327, 690373.884001, 935784.822994

Transpose B (3 x 3)
629215.345198, 550599.109622, 817256.092812
173299.865357, 398060.615363, 560925.716999
485302.419155, 208832.811601, 863841.354851

Matrix Multiply A x B (3 x 3)
1363746568831.991699, 813180908822.846191, 1024918043667.873779
976513503916.050049, 560528706102.357422, 862062137833.286011
1216726690846.647461, 826827857886.901611, 1001526651750.759277

================================================================================
----------       First: (9, 5)   MATRIX PAIR - 19   Second: (5,9)      ----------
================================================================================

Addition not possible (different sizes [9,5] and [5,9])
Subtraction not possible (different sizes) [9,5] and [5,9]
Element-wise operations not possible (different sizes [9,5] and [5,9])

Transpose A (5 x 9)
252975.393473, 624041.919088, 778444.812967, 857141.704997, 696750.504265, 775805.910782, 890306.660787, 571567.208892, 560269.595948
486295.343864, 356914.810490, 691043.906426, 913806.790971, 746806.692019, 325471.952611, 711743.074534, 622755.759805, 456607.007026
927852.193072, 741106.763218, 1407.212415, 820892.668263, 322492.273758, 552957.590658, 584245.045821, 837065.552591, 65168.919691
570857.228256, 297265.002877, 340209.784132, 81108.952007, 361555.863355, 841357.437455, 444505.414346, 771955.416334, 9493.239805
443461.466514, 249618.720632, 131483.268690, 128454.787871, 471499.829960, 881232.173955, 427387.180438, 235844.878329, 619033.853582

Transpose B (9 x 5)
316844.822355, 485107.696195, 190397.034221, 811935.346390, 670377.275726
711928.154475, 994583.675980, 14039.200153, 481895.432939, 411506.238048
492875.690628, 360887.259742, 428089.197617, 677085.511084, 512618.285357
688202.776052, 121511.481427, 238943.544794, 270104.585524, 178013.285774
440795.749445, 551687.497255, 853161.930411, 765106.401095, 739157.965117
660776.296140, 323326.646178, 493357.003882, 305643.435058, 609973.456628
684993.949084, 663933.818443, 462795.347768, 691290.819797, 583368.510135
347059.645883, 47542.820941, 644185.290812, 411246.903191, 422692.333836
115351.254407, 26679.826559, 170972.568658, 612526.090876, 804015.178285

Matrix Multiply A x B (9 x 9)
1253505514468.101562, 1134368669327.180908, 1311232331417.650635, 688026315562.223389, 1935956302163.855957, 1227133251899.236572, 1578890033039.571777, 1130837167289.874268, 907007273720.171631
920669783196.072632, 1055629510116.419800, 1082873846348.661621, 774647394572.459961, 1516211562809.853027, 1136500279300.786377, 1358529782446.916992, 938719811620.799927, 590995180705.464355
946516599356.379761, 1459569250388.984863, 931419722305.788574, 735331885828.807983, 1083059616909.693237, 922689237943.114014, 1304575756581.321777, 499414653234.682190, 422574024821.132080
1023139543629.218140, 1622551285994.059082, 1224426791557.474854, 941846880534.440918, 1739319933214.556396, 1369974583080.774902, 1704755773513.792236, 957383890887.600586, 416563654132.506653
1254087792766.991211, 1611582819774.915283, 1237483536240.837402, 828899796386.379639, 1619408266651.512695, 1259072099693.433105, 1647346424613.798828, 833052151934.994385, 755988469569.381104
1782866386878.046387, 1651869086971.338379, 1757956383029.414307, 1089711544171.807861, 2288390861812.782227, 1685357023848.090088, 2099126164395.641846, 1359427650669.463379, 1416591725510.953857
1386019934202.588623, 1740002374392.879883, 1465833170263.998779, 1034941600142.590576, 1939559354828.584229, 1503215421825.104980, 1909397596846.822266, 1082644612568.601074, 837473992020.705811
1427459456745.295898, 1507102660051.424072, 1508373147970.858887, 919529744658.128784, 2074618076204.809570, 1371805968393.945312, 1863608900564.545410, 1184354891532.347656, 888126953240.342163
834124188172.386353, 1113231535702.864746, 792580833851.789795, 569394195688.269287, 1019295616792.930542, 930493389481.436646, 1084785436049.367676, 523701141992.342224, 591479565267.707275

================================================================================
----------       First: (3, 6)   MATRIX PAIR - 20   Second: (3,6)      ----------
================================================================================

Addition (3 x 6)
705492.135285, 1626314.496787, 580235.274426, 1044941.966443, 939127.676157, 1423847.455028
1211661.964887, 1212134.815835, 576509.017932, 1694301.566803, 1205564.935850, 376229.671065
975498.234427, 1407950.216953, 1263844.016295, 680053.347417, 1668556.475237, 1033806.051494

Subtraction (3 x 6)
118714.165253, 364955.424857, -417632.863688, -274047.019883, -878176.943893, -59508.883560
-164565.917135, -78993.263181, 158289.563664, 242086.012457, -2775.265200, -102865.147231
180894.244979, 403996.086777, 333991.932747, 602518.838659, 149171.998539, -348141.090738

Element-wise Multiply (3 x 6)
120906524979.318024, 627926595081.750000, 40563941213.993988, 254200486031.752563, 27691511834.699448, 505950066991.788757
360260694017.835449, 365757719032.841675, 76826765447.994888, 703013040460.942505, 363344778113.521057, 32741881718.705696
229718519375.917969, 454777743821.717590, 371437771596.149902, 24860901098.519207, 690457106476.800537, 236888183261.342651

Element-wise Divide (3 x 6)
1.404631, 1.578670, 0.162950, 0.584459, 0.033539, 0.919765
0.760845, 0.877637, 1.756969, 1.333402, 0.995406, 0.570585
1.455307, 1.804810, 1.718376, 16.541953, 1.196358, 0.496159

Transpose A (6 x 3)
412103.150269, 523548.023876, 578196.239703
995634.960822, 566570.776327, 905973.151865
81301.205369, 367399.290798, 798917.974521
385447.473280, 968193.789630, 641286.093038
30475.366132, 601394.835325, 908864.236888
682169.285734, 136682.261917, 342832.480378

Transpose B (6 x 3)
293388.985016, 688113.941011, 397301.994724
630679.535965, 645564.039508, 501977.065088
498934.069057, 209109.727134, 464926.041774
659494.493163, 726107.777173, 38767.254379
908652.310025, 604170.100525, 759692.238349
741678.169294, 239547.409148, 690973.571116

Matrix Multiply not possible [3,6] and [3,6] : Acols != Brows

================================================================================
----------       First: (4, 4)   MATRIX PAIR - 21   Second: (4,4)      ----------
================================================================================

Addition (4 x 4)
1945059.132187, 1705814.738715, 1241713.186703, 1031762.292081
161010.052108, 130197.554336, 697389.639350, 492058.020835
1606862.932888, 1463070.460953, 215554.275169, 1010899.058481
1153213.427730, 1509956.273708, 927141.944332, 842126.864666

Subtraction (4 x 4)
51256.172703, 156242.090447, 621430.985937, -869492.872627
65866.885592, 113041.530956, 510273.014438, -428917.869091
5432.621758, 359880.977203, -201098.622409, -658462.908523
462955.291868, 265916.367874, 564489.220574, 460870.453758

Element-wise Multiply (4 x 4)
945156958115.971436, 721348082997.518799, 288918791937.371826, 77128892952.771561
5396447565.557815, 1043253858.549842, 56493439952.269936, 14537639360.623272
645494742927.564941, 502765213990.159424, 1505747402.208853, 147085876134.300903
278893401907.047729, 552314108451.712036, 135236026198.869843, 124194020261.270660

Element-wise Divide (4 x 4)
1.054130, 1.201658, 3.003704, 0.085349
2.384585, 14.178057, 6.454064, 0.068558
1.006785, 1.652437, 0.034695, 0.211120
2.341398, 1.427505, 4.113112, 3.417640

Transpose A (4 x 4)
998157.652445, 113438.468850, 806147.777323, 808084.359799
931028.414581, 121619.542646, 911475.719078, 887936.320791
931572.086320, 603831.326894, 7227.826380, 745815.582453
81134.709727, 31570.075872, 176218.074979, 651498.659212

Transpose B (4 x 4)
946901.479742, 47571.583258, 800715.155565, 345129.067931
774786.324134, 8578.011690, 551594.741875, 622019.952917
310141.100383, 93558.312456, 208326.448789, 181326.361879
950627.582354, 460487.944963, 834680.983502, 190628.205454

Matrix Multiply A x B (4 x 4)
1763373288618.437500, 1345662943884.040771, 605458126272.698853, 2170635626612.376221
607593333921.679810, 441641230155.852844, 178078973728.022522, 673866743359.939087
873308276389.993408, 746008912202.239258, 368754418687.293457, 1225694957971.760498
1629453777801.139893, 1450342557876.616699, 607200989679.840820, 1923783357047.115723

================================================================================
----------       First: (6, 2)   MATRIX PAIR - 22   Second: (2,6)      ----------
================================================================================

Addition not possible (different sizes [6,2] and [2,6])
Subtraction not possible (different sizes) [6,2] and [2,6]
Element-wise operations not possible (different sizes [6,2] and [2,6])

Transpose A (2 x 6)
855703.168531, 458482.486863, 858700.883511, 532122.395582, 914328.487849, 283126.444261
221782.363264, 404310.992856, 778969.927261, 195621.258079, 136038.709720, 308336.956510

Transpose B (6 x 2)
90824.956920, 303306.274044
206286.441300, 902237.909461
28932.169094, 897129.648432
320991.745713, 310042.912504
674359.070944, 307082.192232
386057.103684, 649039.802996

Matrix Multiply A x B (6 x 6)
144987185668.412323, 376620417232.025635, 223724882349.660919, 343435703727.301880, 645156608043.905151, 474295868217.153442
164271712916.090118, 459363425579.841064, 375984271714.654053, 272522851619.450165, 433338529914.744385, 439414348120.542786
314257936981.912170, 879954548105.601929, 723681096145.669067, 517150000644.520813, 818280522969.379395, 837090064148.436523
107663148566.643585, 286266550255.969360, 190893085613.921570, 231457881293.359558, 418913369091.254395, 332395613649.202454
124305239690.540649, 311352851001.125122, 148497866242.155090, 335669735244.653015, 658360774812.714478, 441277545191.255127
119235480532.033081, 336598437675.674194, 284809687552.751404, 186478939629.832397, 285613674462.759827, 309425932557.387756

================================================================================
----------       First: (8, 4)   MATRIX PAIR - 23   Second: (4,8)      ----------
================================================================================

Addition not possible (different sizes [8,4] and [4,8])
Subtraction not possible (different sizes) [8,4] and [4,8]
Element-wise operations not possible (different sizes [8,4] and [4,8])

Transpose A (4 x 8)
680054.286475, 256245.105381, 699765.808307, 576745.578443, 473154.471414, 220442.521011, 882363.362302, 715058.975636
407669.537635, 763557.016407, 602970.504126, 605729.978855, 810746.812020, 606158.011708, 43972.923272, 576798.408249
113314.308790, 699807.867483, 819590.161744, 233933.441120, 501835.643019, 793341.371347, 356331.860541, 222716.715323
91208.815606, 901171.182954, 124424.979022, 273383.405718, 550964.430517, 216824.086063, 284527.150147, 973810.415768

Transpose B (8 x 4)
532502.085444, 533977.757628, 855165.878999, 344606.746834
112160.782128, 452764.159973, 589962.215304, 396680.650592
926821.672473, 216882.845037, 344385.579876, 679743.002665
429754.092170, 424598.765165, 69593.527111, 938862.084531
931327.456393, 316286.343066, 366736.125870, 15091.441268
15599.716074, 539078.776956, 696034.965494, 720001.106351
8844.375660, 319389.149857, 866367.067633, 643131.566881
163627.107596, 608839.005320, 370507.683067, 187309.642882

Matrix Multiply A x B (8 x 8)
708150495030.779907, 363885509368.130798, 819727948450.822266, 558870535953.882080, 805226459165.022705, 374915818688.318970, 293050936547.916626, 418548544384.095032
1453174996267.176758, 1144789273497.403809, 1256664479259.793945, 1329105302081.130371, 750395556803.424805, 1551549727064.632812, 1432000279289.564941, 934894183831.317749
1438362818287.310547, 884373923247.446655, 1146164117162.571289, 730603816476.958984, 1144873519030.368652, 996014282334.915894, 988858785192.900391, 808583067455.712646
924826222014.077393, 585398858611.895752, 932306503596.259766, 778000540967.427368, 818640705973.547607, 695195452630.199097, 577058265028.503906, 601044733994.157959
1303895286248.680176, 934767471300.708496, 1161706069014.358154, 1099786291729.187012, 889446001557.371216, 1190427629262.597168, 1052244982900.922974, 860170092296.436401
1194218512126.629883, 853222981008.414307, 756376163650.297241, 610889356411.589355, 691242802197.815308, 1038512676211.413940, 1022321220238.767578, 739675328526.897949
896113717843.325439, 441964677363.252319, 1143451353682.807617, 689800258941.901733, 970650951757.169800, 490348784771.465820, 513551008640.733643, 356469366624.361877
1214809291419.659912, 859041416796.905762, 1526471076704.825684, 1481980731465.970703, 944761984221.204224, 1178257695458.994141, 1009790049554.251465, 733102736479.251099

================================================================================
----------       First: (6, 6)   MATRIX PAIR - 24   Second: (6,6)      ----------
================================================================================

Addition (6 x 6)
1361215.473021, 1161474.754652, 1409557.619010, 1130062.740769, 1771611.472509, 1674662.853060
842738.380547, 1923239.537324, 797547.966335, 1301687.798238, 1395807.077108, 854965.558198
1016529.101024, 896249.219203, 1302286.666393, 984697.465884, 1614545.923920, 1305764.441582
1159919.320724, 1233383.374728, 1100367.797465, 1126320.512962, 1427155.804711, 1003582.750034
1330990.936756, 423855.644268, 573752.406066, 1893559.668820, 484695.303676, 1190250.969739
1904172.728362, 478757.167211, 174119.127354, 1495174.889439, 916372.578456, 1487012.244251

Subtraction (6 x 6)
481880.355475, 68216.745940, -182728.450754, -315769.404699, -31700.318763, 184577.344362
-703292.462615, 18453.115168, -398749.848415, -618985.602546, -340853.272830, -356408.342476
-62724.327854, -128184.078211, -110987.704357, 348678.338610, 301047.067710, -282302.029504
235476.706572, -736487.370304, 379.687057, -22592.041406, -150406.306003, 799293.108716
25176.579212, 73338.458328, 347966.717368, -82877.729956, -265411.024064, 453503.980959
-41940.412598, 2304.988465, 8388.020990, -134475.195553, 753804.813792, 84673.209765

Element-wise Multiply (6 x 6)
405174721749.768127, 336092520316.820312, 488365748648.545776, 294332870282.595825, 784400574828.957886, 692606718841.832764
53896922518.977257, 924627450116.707520, 119270329248.527191, 327811986980.614380, 458024110726.463989, 150984799779.582001
257349267980.981354, 196707876253.795837, 420908072736.639038, 212013128875.635376, 629032300867.474365, 406331585259.468811
322490887812.707458, 244705225609.532196, 302702286383.928467, 317021874396.023071, 503537908508.708435, 92077215631.229675
442725753396.449097, 43568769426.978394, 52027746767.665642, 894674875314.761963, 41121631427.717171, 302757877554.742188
906028695307.173096, 57300778046.019409, 7561777903.597447, 554366092947.477051, 67879251312.526520, 551008965525.121948

Element-wise Divide (6 x 6)
2.096011, 1.124795, 0.770483, 0.563200, 0.964842, 1.247741
0.090196, 1.019376, 0.333360, 0.355449, 0.607461, 0.411563
0.883763, 0.749746, 0.842935, 2.096440, 1.458390, 0.644471
1.509446, 0.252248, 1.000690, 0.960672, 0.809318, 8.825097
1.038561, 1.418459, 4.082274, 0.916134, 0.292338, 2.231098
0.956898, 1.009676, 1.101224, 0.834964, 10.273730, 1.120760

Transpose A (6 x 6)
921547.914248, 69722.958966, 476902.386585, 697698.013648, 678083.757984, 931116.157882
614845.750296, 970846.326246, 384032.570496, 248448.002212, 248597.051298, 240531.077838
613414.584128, 199399.058960, 595649.481018, 550373.742261, 460859.561717, 91253.574172
407146.668035, 341351.097846, 666687.902247, 551864.235778, 905340.969432, 680349.846943
869955.576873, 527476.902139, 957796.495815, 638374.749354, 109642.139806, 835088.696124
929620.098711, 249278.607861, 511731.206039, 901437.929375, 821877.475349, 785842.727008

Transpose B (6 x 6)
439667.558773, 773015.421581, 539626.714439, 462221.307076, 652907.178772, 973056.570480
546629.004356, 952393.211078, 512216.648707, 984935.372516, 175258.592970, 238226.089373
796143.034882, 598148.907375, 706637.185375, 549994.055204, 112892.844349, 82865.553182
722916.072734, 960336.700392, 318009.563637, 574456.277184, 988218.699388, 814825.042496
901655.895636, 868330.174969, 656749.428105, 788781.055357, 375053.163870, 81283.882332
745042.754349, 605686.950337, 794033.235543, 102144.820659, 368373.494390, 701169.517243

Matrix Multiply A x B (6 x 6)
2872239916768.973633, 2178461006041.176270, 1934088312453.107422, 3302804506648.149902, 2490660205990.960449, 2559945985722.476074
1633470558301.669189, 1552913857816.689453, 1045068959315.510498, 1966626284253.353027, 1524181988537.811279, 1202267333384.541504
2259422953729.231934, 1877954558282.779053, 1547506891674.734619, 2649450062968.188965, 2081352266013.876709, 1840617549757.889648
2344838658890.091797, 1770090054682.546631, 1543279010064.737549, 2600384894292.928711, 1954272963456.220459, 2030902814200.581055
2028780219969.937744, 1950193062704.521484, 1592625514927.032471, 2173607831853.786621, 1951974621517.827637, 1730851771266.218750
2268935696032.314453, 1788462203399.105713, 1483241415724.991211, 2789535005894.983398, 2022063574461.425049, 1839993972382.169434

================================================================================
----------       First: (10, 10)   MATRIX PAIR - 25   Second: (10,10)      ----------
================================================================================

Addition (10 x 10)
1571441.716082, 752417.484059, 1488280.635704, 1908125.613453, 805193.488455, 1577113.787612, 741031.618992, 1339451.095127, 919339.461496, 1045332.810084
715181.053148, 981137.206326, 1579471.551152, 1324128.999302, 385829.733727, 1702985.834752, 1544363.287663, 437767.013986, 1352803.878588, 1096269.028253
1279654.953776, 1685231.426335, 708067.244412, 830252.568989, 103998.389881, 1663646.119344, 739422.155945, 796998.354407, 1423766.510018, 1150250.532828
660785.989313, 238609.706227, 1471146.750692, 1527770.860062, 547578.465004, 1202377.756156, 194343.359856, 1613832.355021, 1498032.887786, 485267.713921
371411.778435, 912473.793850, 1518774.530107, 1493322.087177, 483696.559254, 1116215.288504, 943334.957922, 273908.518201, 703333.102111, 1146945.365454
1371171.326855, 1729293.142861, 338512.052269, 1192297.470173, 138840.342579, 1009513.382607, 1441244.962663, 1442664.666738, 261414.994521, 1133763.013412
1315737.933753, 679438.974057, 753756.221254, 1587501.419687, 955391.498524, 1587222.663587, 84222.899726, 984724.809919, 841470.336966, 616232.117190
558437.714695, 443099.678679, 973683.691777, 706235.261314, 1166968.932887, 979612.368530, 226276.761609, 719384.497381, 1082270.224771, 620741.282384
442553.653494, 1291249.108563, 993161.106862, 136493.326488, 1085420.003031, 901941.890844, 696402.820776, 602902.562797, 1663427.381285, 987693.756556
1594566.375486, 1308787.578691, 1476875.513100, 1343809.839028, 832572.756972, 1093763.735641, 1221027.001865, 1218838.402735, 1546922.289050, 1187675.953011

Subtraction (10 x 10)
-351393.077348, -547796.996627, 392821.135114, 55975.116207, 73185.073183, 110691.597654, 228093.652440, -463075.102055, -73374.636126, -133166.167210
104517.306268, -87430.327998, -140727.651532, 244122.407268, -175551.335079, -207531.102410, 25390.687543, -281195.009638, 42433.676986, -902742.708727
-396195.938636, 66646.327549, -566958.796116, -351327.890177, -8842.580125, 183214.420004, 566577.770689, 314655.714389, 493708.559358, 241862.281790
133569.539287, -123034.525675, 475949.276078, 294925.538194, -196519.913984, -536406.122094, 105866.688306, 80311.397109, 221103.613664, -210904.583463
-13473.923455, 748473.462796, -245942.312267, -355303.671829, 34395.889058, 399958.307096, -375489.909218, 47670.516531, 683295.388875, 2059.977786
542525.323185, -201664.113919, -32554.424001, 462853.027009, 133151.992309, -479971.793373, -412817.908373, -475846.953290, 119093.327053, -758082.075076
650832.106653, -10265.793763, -284244.961436, -34179.290425, -539875.189306, 348678.719005, -68831.279216, -451974.827111, -564858.014870, -125773.598134
5896.724715, -196778.389397, -269325.310655, 121898.376278, 523708.177539, 845468.030366, -34719.214175, -270540.494535, 321129.860381, -8736.530656
407609.378006, -139877.174039, -493557.493236, 38187.705092, -601954.389037, -647662.794224, -343334.591964, -474086.612393, 81598.587569, 292075.313246
-330651.702576, -69439.051073, -133482.172740, -415167.384068, 763556.085906, 734086.650727, 328042.577609, 448167.393839, 145894.372354, -645729.062205

Element-wise Multiply (10 x 10)
586487993058.660889, 66512630201.028519, 515167701604.812744, 909452535770.250122, 160745124728.382782, 618758817321.168457, 124275286515.621292, 394922671523.417725, 209950302059.283081, 268746863937.177612
125140017868.090866, 238746538845.837463, 618731527248.198242, 423430464265.548157, 29511578044.957100, 714272898724.614014, 596103319316.840942, 28142331272.225952, 457069429245.046082, 96715346036.753937
370136394732.948914, 708890806832.832397, 44979236528.974724, 141472010474.153015, 2684368468.643360, 683537721677.737183, 56433688615.858704, 134049539582.453506, 445840733366.370972, 316144731229.608154
104699325461.754684, 10449274349.415754, 484436262168.114319, 561775681943.890625, 65305524685.964523, 289495185169.703552, 6640396456.809739, 649501237401.756836, 548803931228.295776, 47751002712.102997
34441290636.744583, 68098974988.294281, 561547113084.625000, 525942539208.875366, 58194821062.517029, 271492480718.742401, 187222042728.289886, 18188349549.183800, 6946216016.811220, 328869856956.982727
396444270323.078125, 737446589775.834839, 28382654752.333321, 301835083192.385437, 386796917.899521, 197186086807.233337, 476692104232.003418, 463712754424.722351, 13538644702.965410, 177682534507.381195
326895969816.557983, 115382983236.511047, 121838310744.338974, 629748133403.571045, 155326923855.936218, 599424733679.310791, 588937959.936224, 191350426731.998077, 97251937757.699127, 90980756067.224243
77954477457.852417, 39403897677.938919, 218880952168.268921, 120977257546.010254, 271886558775.550690, 61206050551.498253, 12498937252.831675, 111080473972.217911, 267046113049.387573, 96310853171.957413
7427082795.612306, 411939659136.901367, 185692496263.487183, 4293031838.891550, 203946874124.727051, 98508019859.302673, 91774561686.420807, 34683346044.229980, 690083080828.854248, 222557742032.988495
608327844353.537842, 427025786080.482971, 540835947688.749268, 408365231668.648254, 27539874831.966530, 164358974656.942719, 345823751639.768494, 321178259770.291199, 592920850118.781006, 248402036896.109558

Element-wise Divide (10 x 10)
0.634505, 0.157374, 1.717181, 1.060443, 1.199957, 1.150968, 1.889362, 0.486193, 0.852174, 0.774007
1.342307, 0.836360, 0.836382, 1.452076, 0.374573, 0.782749, 1.033431, 0.217775, 1.064766, 0.096811
0.527170, 1.082351, 0.110671, 0.405325, 0.843274, 1.247515, 7.555929, 2.304698, 2.061673, 1.532509
1.506697, 0.319583, 1.956492, 1.478447, 0.471791, 0.383010, 3.393098, 1.104741, 1.346305, 0.394102
0.929985, 10.127707, 0.721267, 0.615602, 1.153109, 2.116801, 0.430569, 1.421419, 69.200935, 1.003599
2.309426, 0.791125, 0.824536, 2.269056, 47.815680, 0.355520, 0.554688, 0.503942, 2.673580, 0.198579
2.957667, 0.970231, 0.452322, 0.957847, 0.277888, 1.563046, 0.100563, 0.370815, 0.196691, 0.660990
1.021344, 0.384950, 0.566656, 1.417220, 2.628292, 13.605348, 0.733948, 0.453412, 1.843812, 0.972242
24.329107, 0.804522, 0.336045, 1.776918, 0.286519, 0.164093, 0.339574, 0.119607, 1.103170, 1.839757
0.656505, 0.899234, 0.834220, 0.527945, 23.126714, 5.081921, 1.734711, 2.163058, 1.208268, 0.295596

Transpose A (10 x 10)
610024.319367, 409849.179708, 441729.507570, 397177.764300, 178968.927490, 956848.325020, 983285.020203, 282167.219705, 425081.515750, 631957.336455
102310.243716, 446853.439164, 875938.876942, 57787.590276, 830473.628323, 763814.514471, 334586.590147, 123160.644641, 575685.967262, 619674.263809
940550.885409, 719371.949810, 70554.224148, 973548.013385, 636416.108920, 152978.814134, 234755.629909, 352179.190561, 249801.806813, 671696.670180
982050.364830, 784125.703285, 239462.339406, 911348.199128, 569009.207674, 827575.248591, 776661.064631, 414066.818796, 87340.515790, 464321.227480
439189.280819, 105139.199324, 47577.904878, 175529.275510, 259046.224156, 135996.167444, 207758.154609, 845338.555213, 241732.806997, 798064.421439
843902.692633, 747727.366171, 923430.269674, 332985.817031, 758086.797800, 264770.794617, 967950.691296, 912540.199448, 127139.548310, 913925.193184
484562.635716, 784876.987603, 652999.963317, 150105.024081, 283922.524352, 514213.527145, 7695.810255, 95778.773717, 176534.114406, 774534.789737
438187.996536, 78286.002174, 555827.034398, 847071.876065, 160789.517366, 483408.856724, 266374.991404, 224422.001423, 64407.975202, 833502.898287
422982.412685, 697618.777787, 958737.534688, 859568.250725, 693314.245493, 190254.160787, 138306.161048, 701700.042576, 872512.984427, 846408.330702
456083.321437, 96763.159763, 696056.407309, 137181.565229, 574502.671620, 187840.469168, 245229.259528, 306002.375864, 639884.534901, 270973.445403

Transpose B (10 x 10)
961417.396715, 305331.873440, 837925.446206, 263608.225013, 192442.850945, 414323.001835, 332452.913550, 276270.494990, 17472.137744, 962609.039031
650107.240343, 534283.767162, 809292.549393, 180822.115951, 82000.165527, 965478.628390, 344852.383910, 319939.034038, 715563.141301, 689113.314882
547729.750295, 860099.601342, 637513.020264, 497598.737307, 882358.421187, 185533.238135, 519000.591345, 621504.501216, 743359.300049, 805178.842920
926075.248623, 540003.296017, 590790.229583, 616422.660934, 924312.879503, 364722.221582, 810840.355056, 292168.442518, 49152.810698, 879488.611548
366004.207636, 280690.534403, 56420.485003, 372049.189494, 224650.335098, 2844.175135, 747633.343915, 321630.377674, 843687.196034, 34508.335533
733211.094979, 955258.468581, 740215.849670, 869391.939125, 358128.490704, 744742.587990, 619271.972291, 67072.169082, 774802.342534, 179838.542457
256468.983276, 759486.300060, 86422.192628, 44238.335775, 659412.433570, 927031.435518, 76527.089471, 130497.987892, 519868.706370, 446492.212128
901263.098591, 359481.011812, 241171.320009, 766760.478956, 113119.000835, 959255.810014, 718349.818515, 494962.495958, 538494.587595, 385335.504448
496357.048811, 655185.100801, 465028.975330, 638464.637061, 10018.856618, 71160.833734, 703164.175918, 380570.182195, 790914.396858, 700513.958348
589249.488647, 999505.868490, 454194.125519, 348086.148692, 572442.693834, 945922.544244, 371002.857662, 314738.906520, 347809.221655, 916702.507608

Matrix Multiply A x B (10 x 10)
2827454788987.384277, 3165044523818.875977, 3259980942757.762695, 3437779543937.560059, 1647303866708.167236, 3619998541771.303711, 1948613276901.165039, 3394092461007.392578, 2660186840828.982422, 3163323142210.552246
2057887447656.204346, 2821282823745.951660, 2741612514217.161133, 2677773240476.296875, 1837391454890.667725, 3585308880054.527832, 1780002339913.255615, 3049415905766.749023, 2586862232717.775391, 2702464734623.084961
2263568076400.571289, 3319742493918.457031, 3330278965389.206543, 2803321981459.599609, 2013799607975.299805, 3435472798327.955566, 2614374614273.564453, 3333497789908.219727, 2961618319347.125977, 3540662561366.971191
2058235106172.379639, 2610028728680.151367, 2911831407091.842285, 2351750320943.195312, 1710571556218.726562, 3010659239468.236816, 1324781259898.184570, 2694417626170.690430, 2498910614014.660645, 2213678864014.356445
2176790476689.460449, 2972514035517.453125, 3095646732810.465820, 2673407006152.494141, 1475316961978.544189, 3374776623873.300293, 2290048233129.901367, 2684381611490.608887, 2560367263055.883789, 3211753719338.656250
2124004616235.911133, 2167949850784.768066, 2719488661031.527344, 2854098204848.850586, 1619359709079.226318, 3041878504867.760742, 1495679945198.255127, 2861248556933.481445, 2422706402097.783203, 2594399955437.297852
2204601494423.663574, 2455835497880.714355, 2195193739256.430176, 2560324175675.377441, 1022006374159.064941, 2858736842581.308594, 1812005697174.043701, 2916965658503.271484, 1771237722035.518311, 2684927237374.044434
1654566387582.362305, 2377297975668.818359, 2563428294543.995605, 2352146885777.857910, 1250632087728.573242, 2600636167444.375000, 2156075753537.848633, 2347648142992.644043, 1644395830296.268311, 2571294972694.597168
1623678205935.202637, 2091232643786.356934, 2463036375215.393555, 1943372884050.822754, 1329334830819.656494, 2208445035853.006836, 1610172436009.552490, 1741683200216.200195, 2058546575909.107422, 2204201626002.608887
2777652386423.754395, 3643457548141.673828, 4179504220625.877441, 3825374914431.000488, 2368370936326.604004, 4162716654023.284180, 2813844934173.861816, 3806443994198.899902, 3122608975697.261719, 3872282732123.985840
